    7.47384e+08     1.81851e+08     -1.9357e+06               0               0         -193570      2.1498e+07    -5.99038e+07    -3.22617e+06               0               0         -322617     2.52618e+08    -6.41827e+06     1.29047e+06               0               0          129047    -5.49316e+08    -4.27885e+07     2.25832e+06               0               0          225832     3.30574e+08     7.48798e+07          483926               0               0         48392.6    -1.11831e+08    -4.27885e+07     5.82077e-11               0               0     1.81899e-11     3.94157e+08     6.41827e+06          483926               0               0         48392.6    -1.08508e+09     -1.1125e+08    -4.19403e+06               0               0         -419403 
    1.81851e+08     2.49067e+09    -2.56731e+07         1515.42        -64290.5    -1.54038e+06     -1.1125e+08     2.68165e+08    -8.98558e+07         356.571           64165     -3.3375e+06     6.41827e+06     8.16628e+08     6.41827e+06        -267.428        -21382.4          385096    -4.27885e+07    -1.90895e+09    -1.30385e-08        -356.571         86004.4    -5.52973e-10     7.48798e+07     1.10168e+09     1.15529e+07         623.998        -32158.7          385096    -4.27885e+07    -2.95485e+08     5.39135e+07        -356.571         85852.1     1.79712e+06    -6.41827e+06     1.33863e+09     3.08077e+07         267.428        -21431.7     1.02692e+06    -5.99038e+07    -3.81295e+09    -7.70192e+07        -1782.85         64550.4    -2.56731e+06 
    -1.9357e+06    -2.56731e+07     7.21682e+08         -129047    -1.02692e+06         96785.2     3.22617e+06     6.41827e+07     6.22554e+07         -215078      -2.225e+06        -96785.2    -1.29047e+06     6.41827e+06     2.38315e+08         86031.3          256731         32261.7    -2.25832e+06    -1.39698e-09    -5.49101e+08          150555    -1.89175e-10         -129047         -483926    -1.15529e+07     3.19336e+08         32261.7          256731         48392.6     4.36557e-10    -5.39135e+07    -9.33342e+07    -1.81899e-12     1.19808e+06         -129047          483926    -3.08077e+07     3.85769e+08         32261.7          684615         32261.7     2.25832e+06     7.70192e+07    -1.09057e+09         -279602    -1.71154e+06        -96785.2 
              0         1515.42         -129047          8009.4         378.856        -4.03272               0        -1782.85          215078        -6407.56          -124.8         -6.7212               0         267.428        -86031.3         2677.07        -13.3714         2.68848               0        -356.571         -150555        -9747.54        -89.1426         4.70484               0         623.998        -32261.7         3914.87             156         1.00818               0        -356.571     2.54659e-11        -8836.11        -89.1426    -1.66533e-16               0        -267.428         32261.7         2971.94         13.3714         1.00818               0         356.571          150555        -8712.94        -231.771        -8.73755 
              0        -64290.5    -1.02692e+06         378.856         11639.9        -74.8798               0           64165     1.19808e+06        -231.771        -5892.32         -162.24               0        -21382.4          256731         13.3714         3851.64           18.72               0         86004.4    -2.47383e-10        -89.1426        -12578.3     -2.4869e-14               0        -32158.7         -256731             156         5520.67           18.72               0         85852.1    -1.19808e+06        -89.1426        -9216.93         87.3598               0        -21431.7         -684615        -13.3714         4939.15         49.9199               0         64550.4     1.71154e+06          -124.8        -14394.7          -124.8 
        -193570    -1.54038e+06         96785.2        -4.03272        -74.8798         24086.7          322617     1.79712e+06        -96785.2          6.7212         87.3598        -22453.5         -129047          385096         32261.7        -2.68848           18.72         8024.23         -225832    -2.91038e-11         -129047        -4.70484    -8.88178e-15        -31254.9        -48392.6         -385096         48392.6        -1.00818          -18.72         11956.9     4.72937e-11    -1.79712e+06         -129047     7.21645e-16        -87.3598        -30305.4         48392.6    -1.02692e+06         32261.7         1.00818        -49.9199         8331.42          225832     2.56731e+06        -96785.2         4.70484           124.8        -24855.2 
     2.1498e+07     -1.1125e+08     3.22617e+06               0               0          322617     7.74203e+08    -8.89413e-08    -4.65661e-10               0               0               0      2.1498e+07      1.1125e+08    -3.22617e+06               0               0         -322617     3.27826e-07    -1.71154e+08    -6.45235e+06               0               0         -645235    -1.11831e+08    -4.27885e+07     1.74623e-10               0               0     3.63798e-11    -5.93538e+08     2.04891e-08               0               0               0               0    -1.11831e+08     4.27885e+07    -1.45519e-11               0               0    -1.72804e-11     1.21072e-07     1.71154e+08     6.45235e+06               0               0          645235 
   -5.99038e+07     2.68165e+08     6.41827e+07        -1782.85           64165     1.79712e+06    -9.35979e-08     2.32602e+09    -1.02692e+08    -7.03437e-13         -343408    -6.16154e+06     5.99038e+07     2.68165e+08     6.41827e+07         1782.85           64165     1.79712e+06    -1.71154e+08     2.15078e+06    -1.54038e+08        -1426.28         -215078    -5.13462e+06    -4.27885e+07    -2.95485e+08     5.39135e+07        -356.571         85852.1     1.79712e+06     1.11759e-08    -2.26923e+09    -1.84846e+08     7.10543e-15         -171704    -6.16154e+06     4.27885e+07    -2.95485e+08     5.39135e+07         356.571         85852.1     1.79712e+06     1.71154e+08     2.15078e+06    -1.54038e+08         1426.28         -215078    -5.13462e+06 
   -3.22617e+06    -8.98558e+07     6.22554e+07          215078     1.19808e+06        -96785.2               0    -1.02692e+08     7.00216e+08    -2.86491e-11    -4.10769e+06          516188     3.22617e+06    -8.98558e+07     6.22554e+07         -215078     1.19808e+06        -96785.2     6.45235e+06     1.54038e+08     7.52774e+06         -430157    -3.42308e+06          322617               0    -5.39135e+07    -9.33342e+07     1.81899e-11     1.19808e+06         -129047    -4.65661e-10     1.84846e+08    -6.30531e+08               0    -4.10769e+06          258094    -2.91038e-11    -5.39135e+07    -9.33342e+07     9.09495e-13     1.19808e+06         -129047    -6.45235e+06     1.54038e+08     7.52774e+06          430157    -3.42308e+06          322617 
              0         356.571         -215078        -6407.56        -231.771          6.7212               0    -7.31859e-13    -2.91038e-11         36025.4    -1.82965e-13    -8.74301e-16               0        -356.571          215078        -6407.56         231.771         -6.7212               0        -1426.28          430157         21507.8        -356.571        -13.4424               0        -356.571     9.09495e-12        -8836.11        -89.1426     2.22045e-16               0     5.68434e-14    -2.91038e-11         15969.7     1.77636e-14               0               0         356.571               0        -8836.11         89.1426    -8.32667e-17               0         1426.28         -430157         21507.8         356.571         13.4424 
              0           64165      -2.225e+06          -124.8        -5892.32         87.3598               0         -343408    -4.10769e+06     -1.7053e-13         39251.2        -299.519               0           64165      -2.225e+06           124.8        -5892.32         87.3598               0         -215078     3.42308e+06        -356.571         21507.8        -249.599               0         85852.1    -1.19808e+06        -89.1426        -9216.93         87.3598               0         -171704     4.10769e+06     2.84217e-14         12475.1        -299.519               0         85852.1    -1.19808e+06         89.1426        -9216.93         87.3598               0         -215078     3.42308e+06         356.571         21507.8        -249.599 
        -322617     -3.3375e+06        -96785.2         -6.7212         -162.24        -22453.5    -5.77529e-11    -6.16154e+06          516188    -1.77636e-15        -299.519          121903          322617     -3.3375e+06        -96785.2          6.7212         -162.24        -22453.5          645235     5.13462e+06          322617         13.4424         249.599         75293.1     1.45519e-11    -1.79712e+06         -129047     5.55112e-17        -87.3598        -30305.4    -6.18456e-11     6.16154e+06          258094    -9.99201e-16         299.519         58908.3    -1.81899e-12    -1.79712e+06         -129047    -1.66533e-16        -87.3598        -30305.4         -645235     5.13462e+06          322617        -13.4424         249.599         75293.1 
    2.52618e+08     6.41827e+06    -1.29047e+06               0               0         -129047      2.1498e+07     5.99038e+07     3.22617e+06               0               0          322617     7.47384e+08    -1.81851e+08      1.9357e+06               0               0          193570    -1.08508e+09      1.1125e+08     4.19403e+06               0               0          419403     3.94157e+08    -6.41827e+06         -483926               0               0        -48392.6    -1.11831e+08     4.27885e+07     1.60071e-10               0               0     2.09184e-11     3.30574e+08    -7.48798e+07         -483926               0               0        -48392.6    -5.49316e+08     4.27885e+07    -2.25832e+06               0               0         -225832 
   -6.41827e+06     8.16628e+08     6.41827e+06         267.428        -21382.4          385096      1.1125e+08     2.68165e+08    -8.98558e+07        -356.571           64165     -3.3375e+06    -1.81851e+08     2.49067e+09    -2.56731e+07        -1515.42        -64290.5    -1.54038e+06     5.99038e+07    -3.81295e+09    -7.70192e+07         1782.85         64550.4    -2.56731e+06     6.41827e+06     1.33863e+09     3.08077e+07        -267.428        -21431.7     1.02692e+06     4.27885e+07    -2.95485e+08     5.39135e+07         356.571         85852.1     1.79712e+06    -7.48798e+07     1.10168e+09     1.15529e+07        -623.998        -32158.7          385096     4.27885e+07    -1.90895e+09    -3.95812e-09         356.571         86004.4     1.89175e-10 
    1.29047e+06     6.41827e+06     2.38315e+08        -86031.3          256731         32261.7    -3.22617e+06     6.41827e+07     6.22554e+07          215078      -2.225e+06        -96785.2      1.9357e+06    -2.56731e+07     7.21682e+08          129047    -1.02692e+06         96785.2    -2.25832e+06     7.70192e+07    -1.09057e+09          279602    -1.71154e+06        -96785.2         -483926    -3.08077e+07     3.85769e+08        -32261.7          684615         32261.7    -2.32831e-10    -5.39135e+07    -9.33342e+07     1.36424e-11     1.19808e+06         -129047          483926    -1.15529e+07     3.19336e+08        -32261.7          256731         48392.6     2.25832e+06     1.62981e-09    -5.49101e+08         -150555    -9.45874e-11         -129047 
              0        -267.428         86031.3         2677.07         13.3714        -2.68848               0         1782.85         -215078        -6407.56           124.8          6.7212               0        -1515.42          129047          8009.4        -378.856         4.03272               0        -356.571         -150555        -8712.94         231.771         8.73755               0         267.428        -32261.7         2971.94        -13.3714        -1.00818               0         356.571     7.27596e-12        -8836.11         89.1426     3.05311e-16               0        -623.998         32261.7         3914.87            -156        -1.00818               0         356.571          150555        -9747.54         89.1426        -4.70484 
              0        -21382.4          256731        -13.3714         3851.64           18.72               0           64165     1.19808e+06         231.771        -5892.32         -162.24               0        -64290.5    -1.02692e+06        -378.856         11639.9        -74.8798               0         64550.4     1.71154e+06           124.8        -14394.7          -124.8               0        -21431.7         -684615         13.3714         4939.15         49.9199               0         85852.1    -1.19808e+06         89.1426        -9216.93         87.3598               0        -32158.7         -256731            -156         5520.67           18.72               0         86004.4     8.73115e-11         89.1426        -12578.3     4.44089e-15 
         129047          385096         32261.7         2.68848           18.72         8024.23         -322617     1.79712e+06        -96785.2         -6.7212         87.3598        -22453.5          193570    -1.54038e+06         96785.2         4.03272        -74.8798         24086.7         -225832     2.56731e+06        -96785.2        -4.70484           124.8        -24855.2        -48392.6    -1.02692e+06         32261.7        -1.00818        -49.9199         8331.42     7.27596e-12    -1.79712e+06         -129047    -2.22045e-16        -87.3598        -30305.4         48392.6         -385096         48392.6         1.00818          -18.72         11956.9          225832     9.45874e-11         -129047         4.70484     1.73195e-14        -31254.9 
   -5.49316e+08    -4.27885e+07    -2.25832e+06               0               0         -225832     3.42727e-07    -1.71154e+08     6.45235e+06               0               0          645235    -1.08508e+09     5.99038e+07    -2.25832e+06               0               0         -225832     2.21533e+09     7.82311e-08     7.74282e+06               0               0          774282    -1.08508e+09    -5.99038e+07    -2.25832e+06               0               0         -225832      8.9407e-08     1.71154e+08     6.45235e+06               0               0          645235    -5.49316e+08     4.27885e+07    -2.25832e+06               0               0         -225832     1.05347e+09    -5.58794e-09     7.74282e+06               0               0          774282 
   -4.27885e+07    -1.90895e+09    -2.32831e-09        -356.571         86004.4    -1.45519e-10    -1.71154e+08     2.15078e+06     1.54038e+08        -1426.28         -215078     5.13462e+06      1.1125e+08    -3.81295e+09     7.70192e+07        -356.571         64550.4     2.56731e+06     7.82311e-08     7.64096e+09     1.11759e-08     6.25278e-13         -343910     6.98492e-10     -1.1125e+08    -3.81295e+09    -7.70192e+07         356.571         64550.4    -2.56731e+06     1.71154e+08     2.15078e+06    -1.54038e+08         1426.28         -215078    -5.13462e+06     4.27885e+07    -1.90895e+09    -5.58794e-09         356.571         86004.4    -2.91038e-10     3.72529e-09     3.80499e+09     1.21072e-08     -4.9738e-14         -172278     2.32831e-10 
    2.25832e+06    -1.02445e-08    -5.49101e+08         -150555    -1.89175e-10         -129047    -6.45235e+06    -1.54038e+08     7.52774e+06          430157     3.42308e+06          322617     4.19403e+06    -7.70192e+07    -1.09057e+09         -150555     1.71154e+06        -96785.2     7.74282e+06     1.49012e-08     2.20157e+09          516188     4.65661e-10          516188     4.19403e+06     7.70192e+07    -1.09057e+09         -150555    -1.71154e+06        -96785.2    -6.45235e+06     1.54038e+08     7.52774e+06          430157    -3.42308e+06          322617     2.25832e+06     2.32831e-09    -5.49101e+08         -150555    -1.74623e-10         -129047    -7.74282e+06    -9.31323e-09      1.0853e+09          516188     1.45519e-10          258094 
              0        -356.571          150555        -9747.54        -89.1426        -4.70484               0        -1426.28         -430157         21507.8        -356.571         13.4424               0         1782.85          279602        -8712.94           124.8        -4.70484               0     6.25278e-13          516188         39027.8     1.42109e-13         16.1309               0        -1782.85          279602        -8712.94          -124.8        -4.70484               0         1426.28         -430157         21507.8         356.571         13.4424               0         356.571          150555        -9747.54         89.1426        -4.70484               0    -5.68434e-14         -516188           19401    -1.42109e-14         16.1309 
              0         86004.4    -3.20142e-10        -89.1426        -12578.3    -8.88178e-15               0         -215078    -3.42308e+06        -356.571         21507.8         249.599               0         64550.4    -1.71154e+06         231.771        -14394.7           124.8               0         -343910     6.98492e-10     1.56319e-13           50324     2.84217e-14               0         64550.4     1.71154e+06        -231.771        -14394.7          -124.8               0         -215078     3.42308e+06         356.571         21507.8        -249.599               0         86004.4    -1.45519e-11         89.1426        -12578.3    -2.13163e-14               0         -172278    -8.73115e-11    -7.10543e-15         25129.7     1.06581e-14 
         225832    -5.52973e-10         -129047         4.70484     -2.4869e-14        -31254.9         -645235    -5.13462e+06          322617        -13.4424        -249.599         75293.1          419403    -2.56731e+06        -96785.2         8.73755          -124.8        -24855.2          774282     6.98492e-10          516188         16.1309     2.84217e-14          125030          419403     2.56731e+06        -96785.2         8.73755           124.8        -24855.2         -645235     5.13462e+06          322617        -13.4424         249.599         75293.1          225832     1.23691e-10         -129047         4.70484     2.66454e-15        -31254.9         -774282    -1.74623e-10          258094        -16.1309    -3.19744e-14           62483 
    3.30574e+08     7.48798e+07         -483926               0               0        -48392.6    -1.11831e+08    -4.27885e+07     5.82077e-11               0               0     1.45519e-11     3.94157e+08     6.41827e+06         -483926               0               0        -48392.6    -1.08508e+09     -1.1125e+08     4.19403e+06               0               0          419403     7.47384e+08     1.81851e+08      1.9357e+06               0               0          193570      2.1498e+07    -5.99038e+07     3.22617e+06               0               0          322617     2.52618e+08    -6.41827e+06    -1.29047e+06               0               0         -129047    -5.49316e+08    -4.27885e+07    -2.25832e+06               0               0         -225832 
    7.48798e+07     1.10168e+09    -1.15529e+07         623.998        -32158.7         -385096    -4.27885e+07    -2.95485e+08    -5.39135e+07        -356.571         85852.1    -1.79712e+06    -6.41827e+06     1.33863e+09    -3.08077e+07         267.428        -21431.7    -1.02692e+06    -5.99038e+07    -3.81295e+09     7.70192e+07        -1782.85         64550.4     2.56731e+06     1.81851e+08     2.49067e+09     2.56731e+07         1515.42        -64290.5     1.54038e+06     -1.1125e+08     2.68165e+08     8.98558e+07         356.571           64165      3.3375e+06     6.41827e+06     8.16628e+08    -6.41827e+06        -267.428        -21382.4         -385096    -4.27885e+07    -1.90895e+09     2.79397e-09        -356.571         86004.4     5.82077e-11 
         483926     1.15529e+07     3.19336e+08        -32261.7         -256731         48392.6     1.74623e-10     5.39135e+07    -9.33342e+07     5.45697e-12    -1.19808e+06         -129047         -483926     3.08077e+07     3.85769e+08        -32261.7         -684615         32261.7    -2.25832e+06    -7.70192e+07    -1.09057e+09          279602     1.71154e+06        -96785.2      1.9357e+06     2.56731e+07     7.21682e+08          129047     1.02692e+06         96785.2    -3.22617e+06    -6.41827e+07     6.22554e+07          215078       2.225e+06        -96785.2     1.29047e+06    -6.41827e+06     2.38315e+08        -86031.3         -256731         32261.7     2.25832e+06    -3.72529e-09    -5.49101e+08         -150555     2.91038e-11         -129047 
              0         623.998         32261.7         3914.87             156        -1.00818               0        -356.571     7.27596e-12        -8836.11        -89.1426     5.55112e-17               0        -267.428        -32261.7         2971.94         13.3714        -1.00818               0         356.571         -150555        -8712.94        -231.771         8.73755               0         1515.42          129047          8009.4         378.856         4.03272               0        -1782.85         -215078        -6407.56          -124.8          6.7212               0         267.428         86031.3         2677.07        -13.3714        -2.68848               0        -356.571          150555        -9747.54        -89.1426        -4.70484 
              0        -32158.7          256731             156         5520.67          -18.72               0         85852.1     1.19808e+06        -89.1426        -9216.93        -87.3598               0        -21431.7          684615        -13.3714         4939.15        -49.9199               0         64550.4    -1.71154e+06          -124.8        -14394.7           124.8               0        -64290.5     1.02692e+06         378.856         11639.9         74.8798               0           64165    -1.19808e+06        -231.771        -5892.32          162.24               0        -21382.4         -256731         13.3714         3851.64          -18.72               0         86004.4     2.91038e-11        -89.1426        -12578.3     1.77636e-15 
        48392.6          385096         48392.6         1.00818           18.72         11956.9     2.18279e-11     1.79712e+06         -129047     2.22045e-16         87.3598        -30305.4        -48392.6     1.02692e+06         32261.7        -1.00818         49.9199         8331.42         -225832    -2.56731e+06        -96785.2        -4.70484          -124.8        -24855.2          193570     1.54038e+06         96785.2         4.03272         74.8798         24086.7         -322617    -1.79712e+06        -96785.2         -6.7212        -87.3598        -22453.5          129047         -385096         32261.7         2.68848          -18.72         8024.23          225832    -5.82077e-11         -129047         4.70484     8.88178e-15        -31254.9 
   -1.11831e+08    -4.27885e+07     3.20142e-10               0               0     3.27418e-11    -5.93538e+08     1.11759e-08    -4.65661e-10               0               0    -6.18456e-11    -1.11831e+08     4.27885e+07    -2.32831e-10               0               0     7.27596e-12     1.19209e-07     1.71154e+08    -6.45235e+06               0               0         -645235      2.1498e+07     -1.1125e+08    -3.22617e+06               0               0         -322617     7.74203e+08     2.23517e-08    -4.65661e-10               0               0    -8.73115e-11      2.1498e+07      1.1125e+08     3.22617e+06               0               0          322617     -1.2666e-07    -1.71154e+08     6.45235e+06               0               0          645235 
   -4.27885e+07    -2.95485e+08    -5.39135e+07        -356.571         85852.1    -1.79712e+06     1.30385e-08    -2.26923e+09     1.84846e+08     5.68434e-14         -171704     6.16154e+06     4.27885e+07    -2.95485e+08    -5.39135e+07         356.571         85852.1    -1.79712e+06     1.71154e+08     2.15078e+06     1.54038e+08         1426.28         -215078     5.13462e+06    -5.99038e+07     2.68165e+08    -6.41827e+07        -1782.85           64165    -1.79712e+06     7.45058e-09     2.32602e+09     1.02692e+08      1.7053e-13         -343408     6.16154e+06     5.99038e+07     2.68165e+08    -6.41827e+07         1782.85           64165    -1.79712e+06    -1.71154e+08     2.15078e+06     1.54038e+08        -1426.28         -215078     5.13462e+06 
    1.16415e-10     5.39135e+07    -9.33342e+07     1.45519e-11    -1.19808e+06         -129047               0    -1.84846e+08    -6.30531e+08    -3.27418e-11     4.10769e+06          258094     2.18279e-10     5.39135e+07    -9.33342e+07               0    -1.19808e+06         -129047     6.45235e+06    -1.54038e+08     7.52774e+06         -430157     3.42308e+06          322617     3.22617e+06     8.98558e+07     6.22554e+07         -215078    -1.19808e+06        -96785.2    -4.65661e-10     1.02692e+08     7.00216e+08    -5.82077e-11     4.10769e+06          516188    -3.22617e+06     8.98558e+07     6.22554e+07          215078    -1.19808e+06        -96785.2    -6.45235e+06    -1.54038e+08     7.52774e+06          430157     3.42308e+06          322617 
              0        -356.571     1.45519e-11        -8836.11        -89.1426     8.32667e-16               0     6.39488e-14               0         15969.7     2.13163e-14    -8.88178e-16               0         356.571     6.36646e-12        -8836.11         89.1426    -2.22045e-16               0         1426.28          430157         21507.8         356.571        -13.4424               0         356.571          215078        -6407.56        -231.771         -6.7212               0      1.7053e-13    -2.91038e-11         36025.4     4.26326e-14    -8.88178e-16               0        -356.571         -215078        -6407.56         231.771          6.7212               0        -1426.28         -430157         21507.8        -356.571         13.4424 
              0         85852.1     1.19808e+06        -89.1426        -9216.93        -87.3598               0         -171704    -4.10769e+06     1.77636e-14         12475.1         299.519               0         85852.1     1.19808e+06         89.1426        -9216.93        -87.3598               0         -215078    -3.42308e+06         356.571         21507.8         249.599               0           64165       2.225e+06          -124.8        -5892.32        -87.3598               0         -343408     4.10769e+06     2.84217e-14         39251.2         299.519               0           64165       2.225e+06           124.8        -5892.32        -87.3598               0         -215078    -3.42308e+06        -356.571         21507.8         249.599 
    1.81899e-11     1.79712e+06         -129047    -1.66533e-16         87.3598        -30305.4               0    -6.16154e+06          258094               0        -299.519         58908.3     2.09184e-11     1.79712e+06         -129047     3.05311e-16         87.3598        -30305.4          645235    -5.13462e+06          322617         13.4424        -249.599         75293.1          322617      3.3375e+06        -96785.2          6.7212          162.24        -22453.5    -8.73115e-11     6.16154e+06          516188    -8.88178e-16         299.519          121903         -322617      3.3375e+06        -96785.2         -6.7212          162.24        -22453.5         -645235    -5.13462e+06          322617        -13.4424        -249.599         75293.1 
    3.94157e+08    -6.41827e+06          483926               0               0         48392.6    -1.11831e+08     4.27885e+07     2.91038e-11               0               0     1.81899e-12     3.30574e+08    -7.48798e+07          483926               0               0         48392.6    -5.49316e+08     4.27885e+07     2.25832e+06               0               0          225832     2.52618e+08     6.41827e+06     1.29047e+06               0               0          129047      2.1498e+07     5.99038e+07    -3.22617e+06               0               0         -322617     7.47384e+08    -1.81851e+08     -1.9357e+06               0               0         -193570    -1.08508e+09      1.1125e+08    -4.19403e+06               0               0         -419403 
    6.41827e+06     1.33863e+09    -3.08077e+07        -267.428        -21431.7    -1.02692e+06     4.27885e+07    -2.95485e+08    -5.39135e+07         356.571         85852.1    -1.79712e+06    -7.48798e+07     1.10168e+09    -1.15529e+07        -623.998        -32158.7         -385096     4.27885e+07    -1.90895e+09      3.0268e-09         356.571         86004.4     1.16415e-10    -6.41827e+06     8.16628e+08    -6.41827e+06         267.428        -21382.4         -385096      1.1125e+08     2.68165e+08     8.98558e+07        -356.571           64165      3.3375e+06    -1.81851e+08     2.49067e+09     2.56731e+07        -1515.42        -64290.5     1.54038e+06     5.99038e+07    -3.81295e+09     7.70192e+07         1782.85         64550.4     2.56731e+06 
         483926     3.08077e+07     3.85769e+08         32261.7         -684615         32261.7    -1.45519e-11     5.39135e+07    -9.33342e+07     5.45697e-12    -1.19808e+06         -129047         -483926     1.15529e+07     3.19336e+08         32261.7         -256731         48392.6    -2.25832e+06    -5.58794e-09    -5.49101e+08          150555    -7.27596e-12         -129047    -1.29047e+06    -6.41827e+06     2.38315e+08         86031.3         -256731         32261.7     3.22617e+06    -6.41827e+07     6.22554e+07         -215078       2.225e+06        -96785.2     -1.9357e+06     2.56731e+07     7.21682e+08         -129047     1.02692e+06         96785.2     2.25832e+06    -7.70192e+07    -1.09057e+09         -279602     1.71154e+06        -96785.2 
              0         267.428         32261.7         2971.94        -13.3714         1.00818               0         356.571    -1.00044e-11        -8836.11         89.1426    -1.66533e-16               0        -623.998        -32261.7         3914.87            -156         1.00818               0         356.571         -150555        -9747.54         89.1426         4.70484               0        -267.428        -86031.3         2677.07         13.3714         2.68848               0         1782.85          215078        -6407.56           124.8         -6.7212               0        -1515.42         -129047          8009.4        -378.856        -4.03272               0        -356.571          150555        -8712.94         231.771        -8.73755 
              0        -21431.7          684615         13.3714         4939.15        -49.9199               0         85852.1     1.19808e+06         89.1426        -9216.93        -87.3598               0        -32158.7          256731            -156         5520.67          -18.72               0         86004.4    -1.74623e-10         89.1426        -12578.3     3.10862e-15               0        -21382.4         -256731        -13.3714         3851.64          -18.72               0           64165    -1.19808e+06         231.771        -5892.32          162.24               0        -64290.5     1.02692e+06        -378.856         11639.9         74.8798               0         64550.4    -1.71154e+06           124.8        -14394.7           124.8 
        48392.6     1.02692e+06         32261.7         1.00818         49.9199         8331.42    -1.81899e-11     1.79712e+06         -129047    -8.32667e-17         87.3598        -30305.4        -48392.6          385096         48392.6        -1.00818           18.72         11956.9         -225832    -2.91038e-10         -129047        -4.70484    -1.77636e-14        -31254.9         -129047         -385096         32261.7        -2.68848          -18.72         8024.23          322617    -1.79712e+06        -96785.2          6.7212        -87.3598        -22453.5         -193570     1.54038e+06         96785.2        -4.03272         74.8798         24086.7          225832    -2.56731e+06        -96785.2         4.70484          -124.8        -24855.2 
   -1.08508e+09    -5.99038e+07     2.25832e+06               0               0          225832     1.50874e-07     1.71154e+08    -6.45235e+06               0               0         -645235    -5.49316e+08     4.27885e+07     2.25832e+06               0               0          225832     1.05347e+09    -7.45058e-09    -7.74282e+06               0               0         -774282    -5.49316e+08    -4.27885e+07     2.25832e+06               0               0          225832    -1.56462e-07    -1.71154e+08    -6.45235e+06               0               0         -645235    -1.08508e+09     5.99038e+07     2.25832e+06               0               0          225832     2.21533e+09    -5.68107e-08    -7.74282e+06               0               0         -774282 
    -1.1125e+08    -3.81295e+09     7.70192e+07         356.571         64550.4     2.56731e+06     1.71154e+08     2.15078e+06     1.54038e+08         1426.28         -215078     5.13462e+06     4.27885e+07    -1.90895e+09    -1.39698e-09         356.571         86004.4     3.63798e-11     1.86265e-09     3.80499e+09    -1.11759e-08               0         -172278    -2.91038e-10    -4.27885e+07    -1.90895e+09    -2.79397e-09        -356.571         86004.4     1.16415e-10    -1.71154e+08     2.15078e+06    -1.54038e+08        -1426.28         -215078    -5.13462e+06      1.1125e+08    -3.81295e+09    -7.70192e+07        -356.571         64550.4    -2.56731e+06    -5.26197e-08     7.64096e+09    -2.91038e-10    -5.40012e-13         -343910     1.63709e-10 
   -4.19403e+06    -7.70192e+07    -1.09057e+09          150555     1.71154e+06        -96785.2     6.45235e+06    -1.54038e+08     7.52774e+06         -430157     3.42308e+06          322617    -2.25832e+06    -1.16415e-09    -5.49101e+08          150555     2.18279e-11         -129047     7.74282e+06     7.91624e-09      1.0853e+09         -516188    -8.73115e-11          258094    -2.25832e+06     2.79397e-09    -5.49101e+08          150555     2.91038e-11         -129047     6.45235e+06     1.54038e+08     7.52774e+06         -430157    -3.42308e+06          322617    -4.19403e+06     7.70192e+07    -1.09057e+09          150555    -1.71154e+06        -96785.2    -7.74282e+06    -5.93718e-09     2.20157e+09         -516188      3.4197e-10          516188 
              0        -1782.85         -279602        -8712.94          -124.8         4.70484               0         1426.28          430157         21507.8         356.571        -13.4424               0         356.571         -150555        -9747.54         89.1426         4.70484               0     -4.9738e-14          516188           19401    -1.42109e-14        -16.1309               0        -356.571         -150555        -9747.54        -89.1426         4.70484               0        -1426.28          430157         21507.8        -356.571        -13.4424               0         1782.85         -279602        -8712.94           124.8         4.70484               0    -3.97904e-13         -516188         39027.8    -1.27898e-13        -16.1309 
              0         64550.4    -1.71154e+06        -231.771        -14394.7           124.8               0         -215078    -3.42308e+06         356.571         21507.8         249.599               0         86004.4    -3.63798e-11         89.1426        -12578.3     1.73195e-14               0         -172278     1.45519e-10    -1.06581e-14         25129.7    -1.77636e-14               0         86004.4     2.91038e-11        -89.1426        -12578.3     5.32907e-15               0         -215078     3.42308e+06        -356.571         21507.8        -249.599               0         64550.4     1.71154e+06         231.771        -14394.7          -124.8               0         -343910     3.38332e-10    -1.27898e-13           50324     1.19904e-14 
        -419403    -2.56731e+06        -96785.2        -8.73755          -124.8        -24855.2          645235    -5.13462e+06          322617         13.4424        -249.599         75293.1         -225832     1.45519e-11         -129047        -4.70484     4.44089e-15        -31254.9          774282     2.32831e-10          258094         16.1309     1.24345e-14           62483         -225832    -8.73115e-11         -129047        -4.70484     1.77636e-15        -31254.9          645235     5.13462e+06          322617         13.4424         249.599         75293.1         -419403     2.56731e+06        -96785.2        -8.73755           124.8        -24855.2         -774282     2.80124e-10          516188        -16.1309     2.64233e-14          125030 
